APVD ARVSIANVM 5455st

Vergilius Aon.1 453 455,10 VergiliusAen. ΙΙΙ 434 455,15
403 453, 31 455 453, 35
505 505,10 ,544 545, 44
544 454, 4ο 444 544, 44
544 451, 33 444 44445
544 4444 444 444, 44
544 444, 44 444 5444
444 544, 44 444 544, 44
000 4047 1v3 505, 44
000 0040 44 544, 44*
000 4040 44 5444
700 000, '20 35 44444
704 407, 00 50 430, 34
740 40013 55 433, 45
454 544, 44 44 4444
444 54444 44 54444
15 4444 44 45444
44 4444 444 435,11.513,13
44 444, 44 444 544, 44
45 4444 444 445, 44
444 4444 300 4444
444 44444 444 5444
444 444, 44 444 544, 45
444 445, 45 350 453, 44
444 454, 33 444 431,15
445 453, 44 445 431,15
444 4544 444 4544
454 4444 444 544, 44
444 4444 544 444, 44
445 455, 31 554 45444
444 453, 33 545 444, 44
444 4444 501 450, 44

544, 44 544 5444
544, 44 444 4444
454, 44 534 510, 44
405, 35 444 505,15
«ι 400,Ιο v11 4444
·. 453, 35 44 45444
544, 45 44 444, 44
5444 44 445, 45
'' 4004 · 444, 35
4000 44444
000, 00 444, 44
· 00044 500, 45
470, 10 544, 44
544, 44 444, 44
444, 44 444, 44
444, 44 444, 44
544, 44 444, 44
4 501,15 · 44445
· 403,5 444, 45
444, 44 453, 14
455,5 4444
4· 514,14 455, 34
· 455, 44 444, 44
4 444, 30 405, 45
3· 451,10 455,11
· 503, 33 435, 45
444, 10 453,5
455,5 · 454, 44
. 5444 444, 44

 

