INDEX SCRIPTORVM

Prudentius P. Rutilius Rufus
53 9; 113 25. 583, 6; 8, 10. 584, 1; (1011100110 1374, 13. 3163
mmmmmwmwzml 100
588, 9; 12; 16. 589, 4; 8. 590, 2. 591, 11 I 125, ll
mmmssmnmmnu 01 fflws
Prudens in psychomachia 711 250, 20. 1111 l 116, 86
256, 20 V 1 120, 17. 130. 18
Ρ11111111711243, 10 proh. Cesutio ad populum 1 3104
Publius 111 1111111600 Π 532, 25
P. Publilius' 111 Μ11111110011111632,25* Sabinus 720,Ῑο
Pythagoras 71 510, 5 Sacer 111Ι orationem 11 Tullii pro itu-
111110 211, 20
Quadrigariusv. Claudius Sacerdos V 1100, 24. 71565,5. 711215,
01115111011118715654513267112θο 18 25. 216, 4. 303, 12. 413, 24. Sacer-¹
110011101111117186,32 1101111151111110111111111151111111144,8
institor 14, 15 111 18,12 Saliare carmen 711 28, 0. 51,6
711111,4 1443,7 810111111142,12.51,1. 62,110.98,16.
1,4 1456, 29 09, 22. 143, 9. 174,125. 271, 1211. 311
1001001 οἫ0110111Πο,0.10
73 71568, 7 39, 7. 46, 27. 305, 16,11117,27.11,
75 11556,Ῑο 12. 202 2;10 22, 27. 31,15. 126,12.
97 71 568, 9 149, 4. 15026. 374,29.1431,11.1432,
6. Quintius 1490, 17 21. 144,7 17. 499, 7. 550, 28. 1,564 24111.
722, 121. 38, 32. 59, 11. 76 ,23(0. 101141).
Μωηω1000001010οω001010
rerum Romanum 1 11 111, so* 0. 01, ro. 01, 0. 01, 11. 1010.
0000000,0 0000000000
1101101110.Ρο111111011 503, 15. 626, 22. 652, 3. 714501.
Reuatuso Ve getius 462, 1*. 411, 16119, 0, 17. 482, 23.
rhetor ad Herennium 515, 17. 711274, 5. 426, 0
11 4, 7 11 96,17 1118101.1216,15 11367, 6. 111 46,l.

00
001
00
00
00
001
m
w
00
00
00
00

uma
000
100
nmo
000
nmo

1000000

101
10,0
71 577, 21

11495, 21406, 1

71 568, 19

7158, 23. 273, ll. 7111353, 27. 4163,
6. 470, w. 494, 5. 408, 5111 500, 28.
500, 215. 514, 2311 historiarum 11510*
historiarum 1 1 34.0 add. 68, 20. 15,
000οῌΜΗο00
0000000101010
11 158, 1 (u. 01111). 366, 10. 367, 7.
000000000
21. 535, 1610. 01141). 536, 10. 530, 20.
00100000000
000οΜΜΜΜἩο

48, 61 11197,16 (v. 04141.) 15. 11113, 17. 24, 28. 28, 18. 7483,
1511501010.1110111110110151118711408, 18 415, 20. 45016. 450,
Qmmwmmo 00010010100

000οωοωωο,000000000

cwmcmammww.mmmmfflmmmffi
m,e 000000000
mmmnffi‚m mmmmmmmmmm
mmmmmwmm1 mmmmmmwoffi
11111510 6106111511111 111,4 28 10 ·
1115 titulo' αφορμ civ 1 190, 8. 20,9 21 111 oratione L. Philippi 1 86, 12. ’11
115101αφορμῶν 111115 1111115 de ρ101-243,10

positione 1 23016 111 oratione Μ. Aemilii Lepidi 1111,
(11 praepositionihus libro ἀφορμῶν 20

123016 histor. 11 1 80, 15. 207, 17. 200, 6.
11510ἀφορμώ11115111111ο1110011111111·205,5. 223, 26. 11 143, 12; 11. 154,

0001 00οΗ000100

000000οΜοω1οῌοωοωοῃοῃ.

mummi mummommfflmm

0111111111 1111111 111. 40

 

