APVD ARVSIANVM MESSIVM

Το1.Ε1111111011.17 2, 44 488, 18 Ter. Phorm. 11 1, 40 456, 22
4, 20 480,2 41 512,13

26 489, 18 2, 2ss 497‚7

m 00 ω100
00400 000 00

Μ ww Νωο00

20 499, 10 4003
Ηο00001111.0101. 13 001, 01 meg,
ssflw ·000

11,10 495,18 ‚ 470,οε
0000 , 00

81Μ5 st 00

111,13 81019 ‚ 400ι 21

3,9 488,13 ‚ 451,ss
1000 , 00

30 4004 001

60 4009 409

0402 mm

vwmss 00000000
101 04 10 400, 00
4,0 0001 10 000, 04
1001 1100
οῃ000 0000
1000 0100
ᾙ400 m 00
0, 40 404,10 10 4000
11700 400, 10 00 440,0.400,11
4,0 000, 00 00 401, 00
r8,³·2510,4 wau
11, 01 00011 04 001, 19
Hecyr. prol. 1 494,18 ’ 71 480,1

0101 maffia
00οω0 0οω0
0400 0000
0 000 0 000
110 000,00 100 000,10
Hm 00 1000
0 00 1000
0000 m 00
m 04 m 00
0000 0400
000400 , 0400
0100 0400
0000 0000
0000 0000
ww 00 0000

1 00 0000
1000 0000

0100 0000
0000 mamm

0000 amm
⁰4Q6 1000

9200 1000

100 001 0 000’
Ρ1101111.ρτοί. 2 513,3 09 490, 32
0000 m 00

lm 00 1000
0000 0000

m 00 -0100
0100 0000
00100 0000

36*

 

