558 INDEX EXEMPLORVM CICERONIS SALLVSTII TERENTII VERGILII

Vergilius Aen.V 480 11111 Vergilius mvn 179 11111
488 1111 111 41111
411 411, 11 111 41111
491 4111 111 111, 14. 411, 11
411 11111 111 119, 11
111 111, 11 119 411, 11
111 41111 194 1111
111 1111 119 1111
191 1111 119 411, 11
191 11111 111 41111
111 4111 111 11111
111 1111 411 11114
111 1111 141 41111
111 11111 411 411, 11
199 11111 411 4111
111 11111 111 11114
111 411, 11 111 1111
111 11111 111 1411
111 11111 111 11111
vl8 41111 596 49114
41 411, 11 618 50119
11 411, 11 543 445115
111 1111 141 1111411, 11
111 11111 111 ,41111
111 4111 « 553 455, 45
114 111, 11 555 4915
141 41111 , 111 11111
111 11111 111 808, 0*
111 11111 111 41111

119 41114 1111111 41111
111 11111 111 11119
111 11111 111 111, 11
111 11114 111 1911
411 11111 114 4111
111 111, 11 111 11111
111 111, 11 111 41111
111 411, 11 111 11111
111 11111 111 11114
191 411, 11 141 411, 11
111 41111 111 1111
141 1111 111 111, 11
111 11111 388 11111

787 1111 111 1111
111 111, 11 111 11111

111 111, 1111111 111 11111
111 4111 111 11111
111 4111 448 11111
111 41111 411 11111
11111 11111 480 111, 11
41 1111 411 111, 11. 411, 11
11 11111 111 1111
19 11111 141 111, 11
11 111, 11 141 1114
11 11111 111 111, 11
11 11111 111 11119
11 411, 11 111 11111
411, 11 111 41111
11111 111 11111
1111 111 41111
11111 11111 19111
111, 11 11 1111

 

