550 INDEX summm

711118111118808 880,18 Vergiliusdefflwff 881, 88. 888, 88
818 88, 21 807 121,1. 274,14
828 288,8 . 887 888,10
888 288,18 787 78,11“Ι
480 288, ffl 770 414, 28
488 428, 20 774 288, 27
808 288, 7. 840,8 812 418, 28
111 111, 11 111 111, 11
810 281, 81888, 18.888,8 ΧΙΙ1 414,18
111 11111111 111 111, 11. 111, 11
111 111,11 111 1111

111 1111 111 111, 11

w amma m mm
11 1111 · 111 1111
111 1111 111 111, 1 111, 11
184 418,11 727 120,11.270,1
228 70,8 782 128, 11. 272, 28
882 881, 22 881 118, 4. 808, 28
800 88118 9111111111 111111 8117811111 71
111 111, 11 11111114111111.
868 881, 10. 880,4 Verrius 8111018 48, 8. 81, 1. 80, 18.
m 111, 1. 1111 111,1; 11
111 111, 11 1111111111, 11

· 111288 41818 2111οὰ11111 Ephesius 888, 18

 

