646 13333 33311’303311

Vergilius Aeneidos vergilius Aeneidos
1m3 mmm nmmfflwst3
m wmma m 1Η33
m 133 3Μ.Η34
136 1111143,10 313 1 430, 4
m mmmo m lmm3
143 l 343, 3. V 330, 33 333 11 213, 3. 1111330,3
143 111314,33.V11433, 324 1116, 13. 11 131,
134 1111333,1 324 sq. 11133, 13. 333, 31
m NJmffwl m 1333
184 V 333, 33 333 sqq. 111 236, 16
181 sq. 11133,3 331 111133, 13*
130 111 414, 22 332 1111 233, 32
131 1214, 3, 463, 13, 333 1111633, 13. 334. 34*
1111 222, 3. 11 342 111641, 34
4633 34246. 111330,4
133 V1333. 1233 341 111 466, 1
2114 Ι 13, 1. 1111 333, 13. 343 V 118, 3
V333, 1. 31303 361 · 133, 32. Vll 431,3
303 1111661, 11 363 111 114, 3
23 133 33 mma
216 1133122. 111 232, 366 1430, 30. 11 333,
6. 300, 3. 31114 414
213 111 36, 23 363 11334, 1
222 sq. 1211, 12, 463, 32 361 11132,11.111111,6
223 1111 402, 26 313 sq. 1131, 10
23 nmw 31 Η336Η3
221 12364 12. 323, 13. 334,
33 mmm stfflfflLM
330 VI 333, 1333 13
234 111 146, 10 333 1 431,21.111433,3
333 111 416. 23Ι 336 111 461, 21
236 sq. 1412, 32. 11333, 332 132,11
14 · 333 111 462, 33
341 1111 231, 16 334 11 463, 3
241 sq. 11232211 461 1111613, 13. V 333,
242 1111 241,1 33. Vll 433, 3
m fflmm1 43 mma
343 1111213, 13 403 1 361, 3
261 1213, 26 46316. 11 433, 14
262 1111333,6.1364,26. 41036. 11310, 13
11 466, 33. 433, 413 143613. 1111 333,
10 6. 434,16.11134,4
333sq. 1233,2.111113,16 414 111134,11.221,16
333 1111 413, 33. V 33, 30. 410 1 211, 12
mmmm 4w'wmst
334 1166, 3. 333. 14. 434 1232, 1. 1631, 13
636, 3. 1111224, 426 13214
36. 111 331, 1 421 111 303, 33
263 1111636, 11 433 111364, 4
330 144, 1 436 1111226, 13
214 1111 146, 13. 233, 33. 431 1 616, 31
111 333, 11 43431. 11661,3.111131,14

2331Η32333. · m vfflst3wma
36 3

361Μ33 331ω3

m Mw1 32333Μ3

233 1 463, 31 391118. 111 303,

m mm3mw 3

23 1m3 umstmmmmm

 

