INDEX SCRIPTORVM 585

Cicero, 41. Tullius in oratore Cicero, Μ. Tullius divinat. in Caecilium
3993 539391595 93 lm 5335193
951 1531 Qu 15995393

wa wwss 93 namnum

593 lm& mmmmm

w4lfflmss4 99 Ἦηηῃ

995 Ι466,1 6, 90 1111 42,31.VI495,15

991 6593 99 3593599

(13 optimo genere oratorum 91. 111431, 9. 111
3 Μ91 195

1 lm& ,·99 ΙΜηιἮωωῡ

pro Quintio 9, 91 111149,39.11119515
4,14 1911, 3 12, 31 111149,33.11495,16
4,11 111453,30 13, 41 111 188,.5359, 11355
6, 95 VH 504, 93 19. 369,11. 1111
16, 53 V 624, 34. 646, 1 49, 33 111 495,11
99 1ΗΜΛ ma 9Μ51Μω1

pro Sexto Roscio 14, 46 Vll 504, 12
1,1 1399, 9Ι 993, 99, 15, 48 111113, 1. 11495, 18

mssmmfflss 93 15935393

2 1999, 4 51 1111 41, 95, VI 1996
3 1999, 99 11, 51 11131910

1 ιῃὴ mm 1593Ὴ595

93 Mwnmww 6 1694693
12 1111199, 5 91, 31 111 333, 99

4,11 111181, 9 111 1131111113 ll 901, 5. 351, 3. 591,11.
1, 13 111 99, 9 1111 491,111408,11.1111538,10

301116994496, 111 9111113 35115113 V 44, 5
11 mm.58nmw.wm,m
8, 91 1964, 5. 390, 11 4,10 VI 445, 95
8, 93 Vll 486,14 11 1461, 95
331 fflwss,u 9η umwmfflmffi
93 Haem mmm
93 mmm w mmmmm
95 mmm m mmm
93 ἮΗηῊ zm mmm
95 lmzmw. sm wm,2
394, 24. 404, 18. 99 1913, 90
ἯΗ95 · mm Πω,1
19, 53 V441,4 12, 34 IIII 41, 11. 111493, 94
99, 60 III 19, 91 35 IIII 41, 25. Vl494,6.
95 Imm fflfflss
96, 19 Vll 462, 16 36 II 993, 94
5Λ1 3191 195 1η93
ww ufflm nm mmo
95 Wffl,w 32Hm‚3
34, 95 III 113 18, 45 VII 461, 93

91 1393, 23. 1111490, 11 33133311, 1399. Π1963, 19
35, 98 11143993 9 111 964,9, 111149, 96.

36,104 111 16, 98 VI 495, 10 VII 499,
45,131 Ι 69, 10. 541, 96 18. 501,5

3531Μ91 3 ΜΜΛΜΗ9
55 ωωμ &mmm
53,154 11149910 9, 6 ΠΙ 945, 13. 964,8
divinat. in Caecilium 3, 1 111 964, 9. 306, 93 (v.
m 151535 mJ
246, 6. 249, 1 254, 4, 9 111964, 19. ΠΗ 41,
3.Μ5’,31 9551
133, 18. VI495, 13 5, 14 IIII 42, 91. VI 495,
2, 4 Vll 513, 24 11. VII 119, 90
m vms . 93 fflmwwffln

(131111111131111131 111. 38

 

