INDEX RERVM ΕΤ 7011003751 567

011101111 22, 14. 28, 15. 10111111 473, 20 10111110111111110524, 1. 531,
000000 mes 0
01110 403, 23 fervunculus furunculus 103, 10111110101111111 542, 17
exultatio 121, 10. 274, 2. 15 1011111111473, 27. 521, 13.
mn mmmm um
exulto exsulto 300, 20 1011110 474, 31. 527, 5 forum 272, 23
0110 472, 3. 01110 204, 4 1011101302, 10 frater 278, 30. 474, 0. 521,
exuvies 271, 28. 272,13. 0510110010 1. 1111101111 13, 13
300, 20 exsuviae 204, 5 0011 103, 15 fremor 50111111125, 8. 272,
fidelis fidens fidus 07, 3. 22. 301, 20
Ῑ1 303, 0, 333, 3, fet 41 11, 273, 13; 21. 301, 24. 302, frenum 110113 110111 110, 1.
3, 13, 3, 33, 17, 30, 3, 5. 473,,21. 532, 1ι 273, 17,
31, 3, 1111111334, 207, 01101 01101, fides fidrs 115, frequentativa 10151105, 3.
1ωο00 mr
111,ἐέ haba 13 0, 33 19, 39 fido 33, ’15. 109, '16 frequentia 520, 28
11 ” ‘wmws mmmm
1101404100 14 0010111511 100, 10 frico 273, 26
ἡωψῇψη mmmmwr ffimunmn
0301111333 ’ 0111 felix feliculus 105, 1. frons frondis 110,2. frondes

mmmmmmsfflfflb, ffimssffi
11011031133111111113, 1 fimbria 0115110111 272, 15 frons frontis 110, 2

11010,110302,22.1001111011111 10010811110202 23⁷, 1 fruge! ¹¹02 ¹

150 15 fingo 110115 78, 15. 100,5 11110104, 22. 474,1 1
fflffifflmfflssfflmfflmmofflmfflo
13311111 haedus 11, 5, 3010, fimus 11110115 13, 9. 09, 11. {uffi'livus 2475, 8

1 00 nunu

1308111113 {gaeum-ig 1110110113 72 2121185118 275, 10 1111510 filiium 5¹29, 3

23 ’ 5011111110 101, ro fulvus 111, 10. 111, 11. 101,
faex 100, 14 flagitium 273, 11. 302, 3 27
falanx 13131180, 273, 3 flmmeum 103, 14 fundo 475, 15
mew &mumuumumnmuunn

111100015111273,3. 302,2 23127 301, ²⁶· 4756
sulm 41314, 00100013 1111111111 33, 0. 272, 17 1111010474,20.1110111473,

uwumumsfflfflffl 20,
fama 522, 32 flos 101, 15 Funus Fusius 13,13. 2310

funes 105, 00, 033, 0 flumen fluvius 513, 13 furtim 1111011011111110 522,
ruminans ruminationem, fluo 4⁷⁴. 11 , 1³

33 foedus 51110110011111, furunculus 100, 15
fanum 523, 24 4. 301, 29 furvus 125, 9. 272, 24. 301,

fari 302, 14 1001111 foedi, fedus 273, 4. 27

mmmwmmofflffl fflmfflAE·
fmus 415, 12 10111, fontes 1111101 40, 15 futurum 1011111111 1111 01

moure 0055011 501001000

mmmmm ummnmnmfflmfflw2
111011 harena 00, 8. 81, 11 2. 302, 12
11111111111115,18. 272,13. 1011101111 hordeum 11, 0. 23, Geso, 3. G 11110110 figura
mummmwwun mmmmwoe
fusius 10001510 115, 18. 1010111 forensia 73,1 formae inventio 15, 10.
mmwms ffimmfflwmo mmmumuu
111001 1111273, 13 1011272, 30. 301, 28 0. 158, 0. 203, 22
Fauni 023, 23 1011105300. 1011100101- (1011111111 542, 23
favus 11111 131, 1 borum 345, 1. 400, 2 Guiu 53, 0
1011147314. 521,10. 0101 formido 524, 28 3111011111 103, 4
302, 15 010111 formosus formonsus 21, 10. (111111011110111 520, 11
10111473, 18 35,18. 113, 3. 100, 12. gunellam camellum 14, 10
10101111173, 14 101, 3. 273, 0. 301, 20. γάρος 270, 10
1010 532, 5 530, 01 25 311110311111111 302, 31
forise 101110 73, 8. 155, 8. formum 101, 2. 302, 13 gaudeo 470, 17
101000301,22 1011112731 3111111111 121, 15. 274, 2.
fero 302, 13 forpices 71, 12. 101, 1. 302, 802, 27
1010110111 530, 13 ‘ 12 3011000 14, 10

 

