640 ‘ 1101100010105111

Vergilius georgicon Vergilius Aeneidos
1111353 711 455, 14 11 7118, 5. 131,34.133,35.
357 VH 37,6 333, 3. 548, 13. 7135,
353 71147314 24. 29, 28. 37, 33. 53
353 11 75, 30 33. 54, 4. 51,17. 53,
mv MWW WQmmmmW
373 711 457, 36 15. 115, 5. 138, 35153,
w lmuWQ mmffimmm
w zwmmmffla
aezfflmmss mmmwam
891 111361, 1317 8. 517,17. 530,1. 517,
338 1111355, 18 8. 531, 37. 538, 11. 711
403 7115054 43, 3. 145, 5. 351, 3
m WWw 1m.nm8me
m Wmn . 136Wm,o
431 111 81, 31 3 1355,13. 443, 31. 450.
435 1140318 33. 453 3. 437, 35. 111
438 7114556 156,10Ι 305, 18. 375,
437 Wl 238, 17 14.]11135318.333,13.
445 111104,6 33514 444,13. 511,
uz lmWWmW WVWsffibm
468 1 16, 1 22. 337, 17. 301, 3. 334.
466 11137, 31 7. 3831. 400,17. 533,
m mmm mWWmmm
457 1111 353, 34 286, 7. 513, 4. 516, 37
473 711 483, 33 3 1370, 13. 379, 14. 443,
m Wmm 2mm‚mmae,6.
477 V 686, 16 v 1111 354, 12. 336, 33
400 11115150 13005 660 1511
483 711 484, 33 33,11.65,15.130,3
485 711371 313, 3. 330, 3*. 333,
m mma 4wW‚n.Wm
430 7115037 38. 343, 3
m vmm sffnmffi'WQ1
W Wmm 4vmm
508 1111 330, 35 5 111103,13.135,10. 383,
514 711474,14 31. 433, 34. 7 330, 7
513 711 544, 36 71131, 19. 133, 8. 313,
W2vmm lmwwfflaeo,
664 1343, 35 37, 430, 5
556 7454, 35 515.1337,13.333,11.453,
5511 711 415, 6. 503, 1415 435,34.1Π35, 19
leQm 6 memwae
662 711 455, 8 13. 133,14. 1111353,
mme1 menWo
664 11335,15(1·.51151. 3173. 533,33. 71350,
7556, 3 15
666 1111131, 56 1429,1
mmmwmmmw4 Ιωεωιωη
Aeneidos 6. 449, 24. 11111551.
1WWfflWWmWffl2 w,mWW1.W
191,·22.201,16.206,22.211, 12 108, 16. 118, 29. 377,
1 113, 15. 13, 37. 31, 1744 514,3. 711433,
5. 310, 20. 453, 5. 34
15105. 0 lmanWW
mamm mmmow
mmm& wa
Mstfflffl w mmMWmW
fflMWQ Wmfflww
16. 480, 2: 486, 6. 13 111 110, 21. 71 103, 16. 214,
535, 4. V 74, 11. 12. 533, 37

 

