632 mnzx s'cmfronvu

Velim Longu· iu Ἶρι-ς. Aen. V Ι ns, Vergiliu- bucolicon

Μ. Vellssiu· thrcnlus libro Ι 11245, ⁴

Vergilius 1 24, 7, 54, 25, 23. 58, 15. 30,
2ο. 54, 1. 125, ⁶. 123, 1. 215, 31Δ 11
07, 12, 470, 5. 111 432, 32, 111133, 20Δ
130, 23. 152, 25;12. 125, 23. 223, 25.
235, 11, 11 44, 15, 43, 25. 122, 18.
221, 5, 525, 23. 545, 12. 370, 15, 505,
25, 544, 27. 573, 51. 577, 10. 550, a.
552, 4. 557, 3. 520, 23. 521, 13. V!
55, 25. 114, 22. 210, 54 231, ⁶⁸. 250,
204 222, 21. 557, 15. 555, 25Δ 1111214,
1, 232, 54 252, 2ο. 254, 33. 221, 22,
534, 5, 543, 35
in pmlunionibuu nui· 1 512, 27
librum nuum (lupam 111-02112511 1 58, 11
Δειιείι Vl 50, 21
umect- 4, 2 iambico epigram-te
vl 137, 23. 540, 27
mmm 8, 1 111 305, 2375

Vergilius bucolicon

1, 1 vl 240, 1037511175.
513, 23
n 111 73,12

5 1111 235, 23, vn 505, 13
7 1111 254, 15
2 11 555, 14, 11 572, 27

10 1 345,22.1111452,22

11 111 2212

12 V 372, 35

14 v 524, 15

15 1 427, 1311111021,
21, 104 1111203,20.
11 420, 51

2ο sq. 111 332, 15

25 11 521, s

21 1 417, 10. vn 422, ι5

22 Vl 110, 24

so 1 455, 24, 1111420,114
445, 5. v 24, 324
75, 13, 270, 25. 272,
27. vu :mg 4

32 Vl 445, 23

33 11 235, 12, 11 353, 224

54 11 575, 10

55 1 72,15

40 11 352, 2-

45 vl 234, 2*

51 1 71, 14

54 V 530, 11

54 sq. 111 ³⁰⁰. 12

55 1 100,27.140,14.ν11

52 1111 225, 1

eo 111 25, 11, 11111432.
- 11 555, 13

52 111 25, 3

a* aq. 111 4ο, 20

1,

63
⁰⁹
'10 Δ

71
’14
'm ⁴
’Π
⁸⁰
81

5ι sq.

⁷³

1 52, an. 11 150, ³.
vx 215, 5. vn 540,2ι
11 235, nau, 111111

15, u. v 359, 21
1111 251, 15. 400, a v
305, 22. 324, 24
1111 530, 21
11 552. 11. 1111 mm
vn 500, 24
vu 500. 20
1111 555, 27. 505, 24
111 55, 7. 373, 17. 1111
337, ae. vn 505, 13
1 ³6. 1⁰. 251, a 445,
1. w 151, 11. 407,
2772
Vl 405, 3
11 375, 15, 111 257,21.
277,15, 500, s. 1111
437, 21. v] 72, 11.
vn 112, 4. 442,12
1111 223, 23. 250, 11.
520, 3. vx 115, 1.
142, 5
1111 232, 31
111 450, 24. 455, 13
1 71, ιΔ 1111250, 13.
1711 253, 524 235, 13
1111250, 13
1 403, ιο
1111 413, 5
11 113, 2. 11121523,
vu 443, 5. 403, 11’
1111 7, 6. V 348, 211, VI
v 252, 13. 111 23,12,
1111 451, 23
1111 525, 32. 523, 12111
1111 477, 4
1 103, 5, 1111 74, 5.
501, 13
111 125, ιθ
11Π 154» ³⁷
11 142, 15
1 22, s. 115, 2. 111
457, 12. 11 422, 25
Π11 ez, 27, 432, 11
1 443, ²
1 14, 15⁴ 423, 121111
255, 7. 11 113, ιο.
303, 11. Vl 27, 14.
30, 15, 215, 1, 537,
13, 1111 232, 20.
355, 5
Vl 445, 24
vn 453, 1
111 457, 2ο

1 111, ιο, 11575,7*.

111 173, 10. 11 51, 5.

