INDEX SCRIPTORVM

Vergilianum 249, 3

36
45
49
54
56
71
81
90
98
213
234
235
264
274
342
367
435
492
535
553
563
604
. 618
643
664

m1
5
ω
3
m
w
m
m
w
m
m
m
m
,ω
m
m
m
m
m

IV 1
13
27
62
230
233
302
315
327
391
496
591
687

V 186
189
195

ΜΛ
ΜΛ
433
mm
Qwaem1
wmmmmmw
1Qm
ffim
2Qm
Qw
Qm
4mw
wa
mm
nau
ma
4Qu
mm
saw
smw
affin

ms
4mw

πι
3ωιωμ
mm
2Qw
1muwm
mm
2Qamffl
1mnww9
2Qw
mamm
332
Μᾱπμ
ma
333ω3
mm
333
333333
ms
mm
mm
4mn

Qmaems
1mw
4nw
ΜΛ
ΝΛ
mss
&w
ΜΛ
333
33
430
ΜΛ
ΜΛ
333
333
πε

7313111134337215117, 3

270
323
344
381
480
485
500
536
“ 546
629

542, 40
415, 29
544,13
353, 23
177,9

100, 8. 308,2
307, 21 .
415,18
285,11
251, 30
48,17
423, 21
163, 9. 300,5
339, 24
26,3
328,14
419, 22
234, 25. 388, 10
422, 26
49,2
542,12
542,13
542, 14
542, 16

59, 10. 294, 23. 312,17
165, 1. 311, 30
121,10
98,5
361,1 ¹
276,7

234, 26
360,14
233, 8. 388, 13
288, 17. 416, 21
422, 17
415,4

350, 30
117, 24
233, 12
291, 13. 348, 30
293,15.294,1. 311,22
407,16
253, 9. 337, 21
397,6
309,9

201, 24
422, 12
360, 10
65,1;9
97,12
174, 2*
351,19
416,17
288, 16. 416, 18
351, 21
395,9

123, 26

16, 9. 57, 27
331, 8. 380,1
288 14. 416, 16 ’

 

