656 INDEX EXEMPLORVM CICERONIS SALLVS'I'II TERENTII VERfflLu

Vergilius bucol. 8, 33 193,9 Vergiliun georg.lll233 ⁴96,8
3, 31 513, 35 345 435, 38

34 4833 314 437, 33
34 431, 38 348 4543

53 435, 31 1v 47 551, 13
15,15 53418 53 473, 11
33 438,14 53 47342
45 471, 31 · 80 nom
¹3 333 3 153
1 ’1
54 435, 37 ,153 47413
158 471, 14 135 4343
137 483, 35 154 453, 11
183 4843 155 4548
187 473, 15 157 483, 37
311 51415 158 48411
343 483, 13 181 437, 18
345 4333 184 534, 33
371 43311 183 48413
375 473, 15 138 47413
380 4544 307 431435
333 43417 337 513,13
337 4848 371 43414
355 551, 13 333 481, 35
31415 353 513, 33
457, 35 331 43313
485, 13 347 483, 5
485, 10. 535, 3ο ’ · 353 455, 14
51315 353 473, 14
437, 15 373 457, 35
53311 453 3344
45147 438 455,5
. 45314 447 471, 33
’”. ·435, 33 473 488, 38
“ 4781 473 4845
453,7 483 484, 33
5547 435 5547
4543 557 47415
433, 5 514 474, 14
47413 553 53414
47413 553 4548
5111, 1 . 1 34 451, 13
4743 38 44415
111111 73 453, 37
483, 35 4341
485, 13 433, 33
478, 31. 493, 15 463, 5
478, 11 433, 35
434, 34 471, 35
458, 15. 4543 473, 35
4533 45417
5547 443, 31
473, 33 3 478, 18
513, 3 555, 37
551, 14 475, 31
5147 558, 31
483, 35, 437, 13 433, 35
515, 33 455, 5
437, 37 55415
r 433, 33 4541
437, 34 435, 33

 

