INDEX

EXEMPLORVM CICERONIS SALLVSTII TERENTII VERGILII
APVD ARVSIANVM 0455st

Cicerorhetoricorum12,3 504, 23
43,4 463, 44
pro Quintio 4, 15 453, 30

5, 46 664, 43
34, 33 464,4
ριόΒοεοὶοΑωοῐ.2,6 4505
4, 11 451,5
3, 43 436, 44
44, 33 436, 43
46, 44 464, 44
4644 464, 46
34, 64 436, 43
36, 33 464, 43
66, 145 433,4
64, 150 463,4
63, 464 434, 46
(114144144043611. 2,4 513, 24
5, 46 464, 44
4, 43 436, 43
44, 46 634, 44
141744336464. 12, 35 500,6
43, 46 464, 43

4646664 4,4 433, 43.664,6

3, 44 464,3
44, 46 444, 44
46, 64 464, 46
44, 55 644, 44
44, 64 446,4
34, 43 466, 43
43,’ 446 4334

, 64, 443 434, 43
44 4,4 4634
4,6 633, 46
6, 44 464, 44
46, 46 644,4
44, 63 464, 44
34, 33 464, 46
36, 33 464, 44
64, 466 464, 46
66, 463 464, 43
44, 433 466, 44
444 15, 44 464, 46
46, 43 4344
43, 43 464,3
44, 66 436, 44

0131416443οῇ 433111 32, 75 sqq. 405, 4

44, 443 443,4
63, 463 464, 44

1v 3, 6 666, 43

44, 46 463, 46
44, 43 466, 46
46, 66 444, 44
66, 444 446, 3,444, 44
64, 444 644, 46
66, 444 464,3
64, 144 464, 43

v 1,3 455, 44

3,6 464, 46
6, 46 464, 44
6, 44 464, 43
4, 44 4343
3, 43 466, 36
44, 44 446, 44
44, 44 483,5
44, 66 446,4
44, 63 466, 44
33, 433 464, 46
38,100 446, 4*
45, 115 436,4

de imper. Pomp. 3, 8 512, 49

6, 46 444,4
4, 43 443,4
3, 44 434,4
3, 43 4636*
44, 36 644, 46*

pro Cluentio 3, 8 452, 24

6, 44 4344
6, 43 664, 44
6, 44 436, 44
3, 44 466, 44
3, 43 466,4
43, 36 464, 46
43, 33 505,1
44, 44 4644446444
46, 46 4434
43, 63 463, 6*
46, 63 466, 44
46, 44 644,4
36, 464 464,4
33, 464 666,4

 

