070 ’ 11161111111111111112 VERBORVM

iocus iocum 2'16, 9 laquearia lacunaria 100, 10 loquela loquella 96, 6. 294,
ipse 119, 6. ipsus 270, 18. laqueus 101, 12 29. 021,3
304, 2. 403, 0 1110111101 10, 14 loquor locutio 79, 10. 124,
111 iracundia 004, 0. 1110 largior 489, 28 18. 278, 3. 304, 19ς 28.
1111111 0114801 11101111 largitio 128, 00. 022,2
11010111100111101270,0. 000, 278, 1. 304, 18 levario 278, 17
11 largus 490, 19. 11100 lar- lucidus 629, 20
irrito 486, 9 01101277, 20. 411, 27 1110111023, 24
11 pronomen 623, 7 larva 11101180, 0. 277, 20 ludi 400, 20 1111101 facere
11 finita nomina 270, 0 laser laserpicium 10018 100, 13
282, 2 2802011101 1111019017 1011111001 1110100111 277, 24.
ea 1111110 200, 21. 298, 00 latero 120, 20. 277, 28 425‚11.490, 22
1110 119, 0, 023, 7 1011111101 322, 21 ludo 489, 22
111111201, 30 1110 104, 14 luminosus 023, 20
1101111001 110, 8 laurus 040, 1 luo 041, 20
indicium 322, 3. 370, 10 laus laudatio 529, 28. 6323 1110110 430, 20
iugulo 523, 31 100110 322, 0; 11. 370, 7 lutum 101, 16. 044, 39
iugum iuga 2700 1000100010, alligopelligo Lycoris 043, 30
100101 mensis 124, 9. 270, 20, 8

υ 10 ¹08⁰ 4601174174 17 378 3 M 383, 8. 10 fine vocabu
ruro 480, 9 lepos lepidus lepus 122, 4. lorum 64 4. 80, 17. 147,

iua2'16,9 277, 30. 304, 17 24. 20017. 203, 29. m

¹¹¹⁸ 791 ¹⁰9¹ 39779 77013799 leprosus 166, 0 004, 20 . 01001014,3.1110111
²² 4 57 6 10¹ ¹⁵· 2⁰⁶ liber 111, 11. rso, e' 11, 10. 1110. 144, 00.
9· 21· 23871 2⁶¹ ¹ liberalium, 21 rm, a. 203,1; 11. 100,
978. ¹ 394 21 54¹· ¹⁵ 0001040010 110011011111010,

iuvenis iuventus 7071097110111110110101 10011 es 101, 0, 11. 101, 1.
iuvenca ¹¹⁰ 8 ¹2¹ 7 librarius 212, a’a 303, 11. 101, ro; ra, ’aa
7751 137761 Ῑ4 3⁰3 34 libum πόπανον 192, 13 macellum 101, 16

11001111 101, 0 maceria 000, 0

Κ 14, 12. 03, 5. 394, 14. 1100199, 12 machaera 300,4
020, 19. 382, 0, 380, 8. 1100124,17.278,2 machina 304, 34
039,0 limen limes 122, 17. 277, 1010100001. 044,0

1101101οχ110320, 14 32. 304, 18 macto 493, 20

κατηγορῶ 202, 29 1100 278, 21. 304, 20 maeandros 110, 10

1100010 11000111 01, 10 linteo 100, 10 maestus 100, 4. 2807

Ι11010ζο1202, 30 Linus 332, 11 1111010101 000, 10

1040110110 202, 13 liquet 99, 12 maguus 0209

κύλινδρος 044, 24 liquidae 111 110110 118, 7. Maiia64, 10

229, 8. 200, 10, 22. 233, maior, iu maius488‚ 12

Ι1383,4.101013, 10. 23, 19. 326, 9. 038, 34. cf. 10010010110, 11
10100111101010 11,2. 11110110 010110001011111010170,12.
80, 10. 90, 0. 140, 19. 110110104011 298,Ιο
101, 3. 109, 1; 4. 166, 7. lira lirare 73, 3, 270, 20 1110110110 110, 12
aas, 11. aar, 0. 1111. lismaco 1111111100
304, 31. 305,1. 308, 13; 1110 489, 33 malo 149, 19. 159, 1. 300,
31 11110100 13, 1. 40, 2. 47, 18. 11

labium labrum 116, 6. 277 103, 1. 214, 10 210, 6. malogranatum 278, 24
20 227, 10 201,0.324,20.10111110111100111090,14

laboro 490, 13 381, 0 038, 0. litterarum 10010101010111304, 03. 004,

labrum 1001ἡο 278, 17 1010010101320,1. 1111 10110 17

luc 96, 13 10110010111100100 7071110101 1110100180,0.100,10.

1100110489, 00 11110100 graecae et 10111110 280, 8. 004, 02

lacrimae lacrumae 100, 10 100, 4. duplices Graeco· mancipium mancupium 07,3

11010111 11010011001000 901 rum 166, 22 mando mundare 000, 12.

11010110010111011111121,10. 1100101011111101011111321,8 4908
1201. 274, 2. 002, 27. liviscor 2002 mando mandere 306, 13
304, 26. 490, 1 1000490, 27 1110110300, 0

lambo 196, 1 locuples 626, 4 maneo 491, 20

lanius lanio 104, 4 1000127017. 1000010409 Manes 306, 2

1101100010 longus longinquus 621, 17 manica 07,7

 

