584 INDEX scmwroavu

Cicero, M* Tun'uu iu ehomgmphin Π cicero, E ’11111111110511 inverti: VH 452,
11Δ 457, 15, 17, 470, 1. 504, 17

nd Herennium υ. 1110501

de inventione

ὶηῖἓέὀςὲοὲξξῑιδπ 105, s. 504, 19, 111
‚ · .
rhetoric-,n 71 005, 4
pro Con-nolin 11 551. 05, 455, 054 507,
10, 550, 10, 711 455, οο, 450, 1.
407, 11
1 11 005, 7. 000, 15. 0114, 5, 544,
05. 711 455, 15, 455, 05. 4511, 5.
4511, ιο. 455, 05. 455, 5. 470, 5.
11 1 455, 7. 11 015, 05, 550, 5. 1111
010, a. 71 571, 00. 711 440, 5.
455, 00, 465, 17. 455, 01, 05. 470,
eum n ludi· contionem avocavit vlt
'pro Fundanio 11 221, 3. ³³⁵, 18
pro Gallio 1 141, 51
in Metellum 11 510, 10, iu contionem
Meceni lx 48¹1, ὃ. contu continuem
mmm 111 05, 15
pre Oppio 711 504, 14. 11 1 145, 15
pro Senum 1 224, 15, 11 010, 10, 12.
517, 01. 7 144, 00Δ 711 455, 15Δ
455, 11Δ 480, 4. 455, 10, 505, 17.
505, 10. 505, 5
εἪῃφιιιοειω Lilybaeo decederet vn
in Siciliensibus V 28, 18
1¹⁸⁰ Murco *sunio 1 3¹12, Ἡ, ΙΙ 177,
15-v pro 'ruffin V 507, 4
uro vareno 11 110, 00. 507, 17. 045,
15ς 10. 505, 11
3Ἒῇζὲ 1¹}2'⁶.¹⁴1. epi-cularum ad
Cnlvum primo 11 400, 10
ad mium 1 575, 074 in 1 „ammaum
ιΔ filium 11 445, 0, 507, 5
nd amilium 1 50, 5⁸. 110, 2. 140, 7
nd umanum 1 105, 05
nd Nepom'm 11 555, 1, 0
ιὰ Ριηιιηι 1 111 70, 1114 7 570, 17
1ιά uxorem l 575, 1
de nuguriis 1 122, 00, 155, 11
in eumne 11 510, 10
enm-mm decimo tertio 1 555, 05
de gloria 1550, 05, 11151.15. 155,0
in Remmia 11 050, 15Δ 505, 0, 711
455, 174 457, 1. 475, 4
de iure civili 1 155, 15
de legibu· tenio 7 500, 5. 544, 0
in Oeconomico 1 107, 2⁴ 11 555 4
inuPrflomt-ggr'n {10215333 (v. nddj. 005,
in unione consiliorum morum 1 145,
in Timneo 111 4⁶³, 19
iu commentario de virtutibus 1 208, 15
ud Anxium (0) 1 711 455, 15, 05

1 0, 5 711 501, 05
5, 4 11 450, 15, 711 46³,
15, 00 71 454, 15
00, 05 11 545, 5
05, 55 71 450, 15
05, 50 11 51, 10
45, 55 71 450, 50
11 15, 45 11 450, s
de nunu-e 11 ⁶24. 24, in libri· de
οι-ιιοκ 7 557, 01
1> 5, 54 1 105, 07
55, 150 11 550, 4
45, 105 11 107, 11
51, 050 11 550, a
11 55, 004 11 050, 4
55, 055 11 495. 15
54, 050 11 405, 17
55, 077 7 575, 00
55, 078 1 05, 07. 108, 05. 11
057,14,1111014,55
70, 517 11 555, 5
111 ιι, 40 711 40, 01
15, 75 11 101, 15
(55, 11154 05, 1457) 1 574, 15
44, 175 71 570, 04
47, 150 vl 555, 04
45, 154 71 571, 05
155 71 577, 5
40, 100 71 550, 15
51, 105 71 570, 10
in Bruto
’ 0, 5 1 015, 05
e, ³2 71 570, 5
ab 1 100, 5
54, 000 1 501, 0
in Ontnre
15. 41 11 407, 00, 454, 01
00, 55 71 575, 5
01, 70 1 141, 50
00, 70 1 50, 11
55, 115 1 401, 1. 71 4, 1ο
47, 157 711 70, 5
157 7 517, 4
158 7 500, 10,7115,15.
711 fio, 7
51, 171 71570, 14
170 vl 115, 0, 570, 1⁸
50, 174 71 575, 05
55, 150 71 115, 4
55, 100 71 577, 17
51, 004 1 455, 05
55, 010 71 50, 15, 557, m.
570, 05. 577, 0
015 71 575, 15. 675, 5
54, 015 71 575, 15 575, 10
015 71 574, 1⁸. 675, 10

