APVD ARVSIANVM MEsswu

Cic. pro Cornelio 1 488, 2⁶. 159, 6, 8511111ιί11- enm.

470, 0, 471, 0.
11 440, 0. 450, 20,
405, 17. 450, 21,
23. 470, 12
cum a ludi· contionem notavit 400, 23
cnm quaem„ [alym-0 dmum: 400, 1
pm oppio ὁ
pm Scauro . . .. 400, ιι, mo, 4.
wa, 0. 503, 17, 505, 10. 500, 5
in Horren-in 450, 17. 407, 1, 470, 4
Tunc„ disp, Ι 25, 55 450, 10
11 10, 24 457, 7
v 35, 101 407, 10*
dn rs publio· 487, 10
1 457, 14
505, 22
470, 10
, 457, 4
12, 400, 01
ts, 10 450, 25

 

“303⁰
oea-e

10, 21 457, 10
40, 57 450, 20
44, 00 475, 12
40, 70 452, 00
11 0, 5 450, 20
4, 0 452, 10
Vl 10, 10 404, 15
ni Anxium (2) 1 450, 1ος 23
loci- incarn·- 452, 11. 407, 15, 17,
470, 1. 504, 17
Sulla-tiu· histor. ⁴6³, 5Δ 470, 1⁹⁸, 404,
5. 400, ε’, 500, 20. 000, 25. 514, 25*
histum 450. 15. 450, 10. 400, 5, 452,
2, 0Δ 405, 2, 450, 20. 470,10, 474, 51,
470, 10, 400, 4; 15; 10, 404, u, 17.
400, 10, 15. 407, 1. 4011, 10, 402, 24.
400, 17, 400, Β, 10, 400, 1, 502, 2,
505, 4ς 7, 504, ιι, 21, 505, 0. 000,
01. 007, 15, 500, 0, 514, ιο
histor. ΙΙ 455, 24. 455, 0. 407, a. 472,
0, 400, 24, 4111, ιυ. 400, 20, 480, 10.
400, ι, 5; 12. 400, 4, 25Δ 405, 10.
400, 24. 500, 0; 10, 507, 10. 500, 25.
510, 7; e⁴ ⁶13, 22; 27
niman 111 453, 10. 450, 5. aaa, ε’,
400, 12. 400, 20. 475, 5, 10, 470, 7,
10, 477, 20, 470, 20. 400, 21. 401,14,
402, 5, 405, 00. 487, 0, 20. 405, 20Δ
400, 5. 404, 10. 500, 14, 005, ιι.
lui-tor. lv 450, 11. 453, 1. 450, 10,
11. 401, 10. 404, 20, 470, 23, 472,15,
10, 402, 20. 407, 5; o, 10. 400,4; 14Δ
404, 7, 405, so, 400, 10, 10, 400, 24,
500, 0, 17, 27. 500, 2⁸¹. 504, 10, 500,
14. 510, 5, 12
histor. v 454, 20, 455, 04, 470, 25,
474, 10. 400, 10. 400, 10
Catil. 1, ι 405, 27. 500, 4
’.1, 0 400, 0

ουκ-41151 nnn vn.

ηιμ-(0,.

400,
440,
400,
405,
450,
501,
400.
451,
507,
400,
455,
ms,
404,
450,
470,
400,
ms,
407,
454,
454,
451.
450,
450,
450,
404,
400,
400.
400,
400,
400,
503,
450.
47 7,
451,
400,
400,
450,
451,
475,
51³.
450,
401,
452,
500,
475,
501,
405,
400,
400,
474,
405,
400,
451,
480,
402,
400,
400,
401,
405,
400,

1 1
14
21
539
:³2
w
1ss
Ξ
θ
213
20
1
18
0
n
1³
28
⁴2 1
’1
19
7
2.
20
l
3
0
25
8
24
ὅ

1
a
32
11
:251
2
1
12
1³
21

⁵3·
ω

Δ470, 05

4. 503, a

*21
1³
5

15,

11
17
1⁸
16
28
4
⁹
3
7
:3
10
20
20
3
¹22

2⁰

400, 52 502, 1 ι

36

