616 INDEX 1301119Το3711

Pollio,1511115102,15.34,11.100,24. Probus cathol.
146, 33. 11 383, 14. 386, 9. 513, 3. V 3, 25 VI 231, 5*
534, 6. 592, 4911 35, 2 16,8 11 236, 12
1110001110οι 1 1 134,3 13, 4 V 45,18.138,5181,5
contre maledieta Antonii 1 30, 2 11,18 11 238, 5
pro 015111151151551551133, 15 18,11 11111, 10 242, 21
10 Valerium 1 33, 11 (3. 01111.) 19, 32 11249, 19
1011110011100,1 20,3 11 111, 1
Pompeius V 617, 13. 319, 23. 326, 20. 20, 28 II 162,10.259,17
11101, 11. 111, 11 10, 11 11 111’ 1
Pompeius, Gn. Magnus Vl8, 15 28, 24 11213, 22
Pompeius, Quintus 11 985, 10 28, 21 11313, 22
Pompeius Messalinus Vi 575, 12, 10 30,8 11257, 10
Pom eiuso. Trogus 34,1 11435, 19
lompouianns 1 145, 29 30,2 11423, 12*
Pomponius Boumriensis'l 140,11. 215, 330 11431, 14
111111.11110,0.111,’·11.110’, 333 v241,1
11. 574, 25. Vll¹ 266, 19 3313 11535, 14
in 1155'01510 1 52, 1, 11. 11 145, 1. 33, 25 11111, 13
111 70, 14. VI 276, 14; 16 42,10 111 577, 8
10 0000110111, 18 43,1 11111, 34
10 Lars familiari 11 213,5 instit. art.
in Lenone l 19, 19 p. 51 913313
in Macois geminis 1 210, 8 (3. add.) 52 V 154 33
in 110000 0011101111, 14. 123, 13 53 V153,12.133,14
(110)Ρ1111010,1111011111,9 01 11152, 34
111 saturali 200, 7 282, 16 73 1’156,1
in Synephebis 1133, 9 . 82 V133,31. 188, 38
1070001001110110001011509, 1 103 11301, 14
20010001018000060111312371115, 105 11213,12
14. 121, 11. 334, 1335. 333, 2133 112 11 233, 3
in 1100001 132, 15 131 1 50, 1410011111,
ad Thraseam 1 125, 23. 331, 11. 11 23. 313, 22
538, 29 141 920310
,100116000111011711220 141 V 1011231111
Porcius Licinnsi 123, 0 180 11225, 23
Ρο10100 V 590, 3 Propertius 1 484, 21
Porphirius V 328, 12, 11, 20 cs. Por· 11 1,2 11120410
phyrius 3, 24 V626, 16. 651, 23
Porphyrius VII 258, 22 111 13, 35 189, 22. V 588, 5
Porphyrio Ι 220, 28 14,1 101, 13
0113101111, ’10 11, 11 110’3, 23. v530, 11
Primuso Umiirius 1111 8, 31 1309, 22. 1111111
0110110001111,11.1111111101, 10, 44 1111, 5
11. 111, 11. 315, 11, 10. 111, 23 11, 15 1 101, 15 111111.
Probus 1113,1. 133, 15. 1111111111. V11' 101, 11
354, 11. 304, 30. 305, 10 11 31, 2 10111101010001010.100111110110101011
115, 18. 03114113. 470,12. 490, irospsr Vll 232, 29 233,12.234,1.
9. 499, 18503, 17. 513, 7. 520, 6. 240, 14,16. 243,18. 24,5 2. 246,1.
534, 26. 535, 21. 539, 2. 641, 19. 1111 247, 1, 3, 8, 14. 248, 5. 249, 20, 27.
413, 34. 430, 31. 431, 19. 434, 9. 435, 250, 1. in piaefatione epigrainmsitnm
25. 436, 29. 495, 11. 557, 19. 560, 2*. 911232, 12
V 10, 3. 20,10. 135,11. 11111. 253, Prosper T'yro 111 111, 21. 100, 11*
31. 325, 25. 320, 21. 300,19,21*.1’1 proverbium 111 353, 13. proverbia
505, 5. 513, 20. Vli 214, 25. 534, 5, ooets numerabimus exta 1 233, 23.
13. 535, 2, 15. 536, 23 462, 32
de inaequalitate eorisuetudinis 1 2121 conira stimulum 001001 1 235, 24
ds dubus generibus 11 131, 11110311.) Prudentius V 512, 5. 513, 24, 20 534,
531101 16, 18 575, 22. 577, 12,16,19. 578,
N.⁵ wmv . mmmmmmmffim
3,11 11250, 13 111,1,1,11,10,11,11,11.101,1,

 

