INDEX RERVM ΕΤ VERBORVM 563

bucolice 1011100404 candidus 104, 0. 064, 00. 011110 0110 60, 18. 74, 18.
bufo (0004000809171, 8 088, 04. 000, 8 07, 19. 100, 10
bullionium& 100, 1· canities canitic 999, 11 cilium 111, 14
buris 944, 08 cannabe 108, 11 0110111 108, 10
Β1111114,0 00111111 cantarum 068, 81 cingulum cingula 999, 80
81101011111100,10.060, 01110100111101088, 16 cinis 101, 10. cinis ciner
14 0000101 (1) 100, 11 100, 10
Byrria 14, 10 Canusium 048, 0 Cinyps 107, 0. 160, 8
04110100, 0 capax capabilis 999, 99 eirca 99,19. 909, 0. 999, 9
capio cepi 116, 18. 060, 14. 011011010818. 06011. 000,
(1884, 10. geminatum in ²991 1⁸· 1101111 411913 ,16
enuntiatione 54 0, 55, 5, capo 00911 088, 08 circum 08, 0. 06, 18. 100,
,00 4 e ,0 0’,00 ,0, capparis 100, 11 0. 10011. 10011. 904,
0001450404, 900, 44, capra capella 18, 10 1. in compositis 104, 7.
004844, 9, 45, 40, 404, carbasus 109, 11. 178,7 088, 00
4, 444, 9, 450, 5, 009, 00, 01100101100101104, 10. 088, 0110011110 480, 0
eet 4, „q ,0 0, , et 1110011 01011010. 100, 11
q 59 49, 40 4’5, 40 g¹ 01100101,18.108,18 01111110 380,4
4, ,0, ,0, ,ζ ,0, ,0, 0111000100, 1. 999, 90 citer 01010100, 19
0, ’0, ,0, ,0, 0,, 144' 01100100, 10. 100, 10 0110011100 100, 0. 011, 11
04, 449, 4, 450, 9, 155: caseus 00101111 066, 10 clam clanculum 480, 18.
04, 159,19.158,15.194, 011001088,0 531, 9. clandestinus 78,
10, 10. 101, 11. 101, 1. csssn 4144410248 ²4 1⁷
099, 03, 900, 00, 904, 00, 001101 488, 8 clamo 080, 1. 007, 10
308, 5, 25, 0 convefflnm (08811180 104, 3 Claritas elautudo 267, 16.
50,9 01101 nominum 311, 10. 008, 00
cacosyntheton 311, 45 800, 0. casus septimus clatri 108, 16
cadmus 044, 40, 005, 3 840, 4. 800, 10 01110104880
00040 004, 1³3 04, 099, 09, 001110111883, 10 01011111304, 10
505, 04 catinus 108, 10 0111111100,10.101,8. 087,
caduceus 108, 11 cauum 14, 1⁰ ,31
cadurcum 544, 20 08V00 488, 21 clibanus 108, 16
00000 004, 04, 099, 30 0111101,14. 14010. 008, 011011 108, 18. 001, t
caelebs caeleps 14, 7, 21¹ Ὦ. ⁶21, 8· 52⁷, 15 clipeus Clupeufl 68, ll. 97,
9, 454 4, 400 4, 9091, 0011101480, 18 14. 088, 17. 087, 10. 000,
44, 090, 04 ’ 00 pronominibus additum 18
00040 000, 04, 099, 4 108, 8 011111 108, 17, 068, 8
,00100100101010 0104488 000 01109
000000, 000, 4, 544, 39 cedo 01 01011οο8000. 088, 0001111 040, 0

01011111 caeruleus 067, 14. 30, , cocinaria 111901
504, ³ cedo smperutscuc 081, 06 coclea cochlea 99, 13. 1000

caesurae hexametri 945, 19. celer celeritas 191, 14. 004, coenobium 060, 07. 008, 00
8838. caesura catatriton 00. 810, 18. 081, 7. ce· 4000507, 14
00000001 110, 1 letius 499, 9. 991, 94 00091110, 10100, 14. 999,

01100 100, 10 0010101111. 100, 0. 100, 1⁹
caligarius caligaris 068, 5 18 1108140410 97· 1⁵2· 2⁶42 25
calleo 100, 11 centuria 99, 9 cognomen ³⁹0, ⁹· 040, ¹2
cauum 999, 1 centina 999, 0 cognomina ⁶42, 2
calva calvaria calvarium ceraunium 080, 08 ⁰080 45⁹2 ¹3· coactus 94,
100,1.110,1.101,0 cerberus 949, 14 1⁶
calumnia 101, 1. 900, 9 carcinus circinus 109, 14 004404 40014 89, 1· ⁷4. 1ss
calumnior 101, 10 cerebrum 109, 9 001101999, 31
calvo 300, 1 00110 000, 17 001110101ου1 001100101107,
calx 011008, 10 certamen certatio 080, 11 10
0011011 camera 990, 10 certarnen 011 400, 0 colloco 480, 03
camaras 0111110101 108, 13 001100010111 409, 1 00101046, 06
camellum gemellum 14,10 certus 080, 8. 00110 00110 coluber 010, 10
camelus 068, 03. 000, 6 411, 04 columba 118, 17. 060, 16
Ο1111111048,07 0010110011801110108, 13 00111 108, 17
Cana chanaan 0011110 060, chaos 10, 10 colustrum 100,8
08. 008, 00 0111 01 1110 notu 088, 10 comcs 001, 0

 

